MODEL:
  c0_1: 4.232707222501869
  c0_2: 3.899673215547005
  k1: 0.004301921058588672
  k2: 0.044631634994492686
  kd: 0.026691227394798598
  koff: 10.0
  kon: 374.6549325771632
  m: 0.05092644058013329
  mu: 4.47707006961512
WEIGHTS:
- 1
- 1
