MODEL:
  c0_1: 1.5535569212192377
  c0_2: 1.4024126993993806
  k1: 0.018440256212174863
  k2: 0.012099077646420289
  kd: 0.014936637625798794
  koff: 0.038642097886254514
  kon: 2.5870680439827556
  m: 0.1527935707238578
  mu: 1.9399406231616418
WEIGHTS:
- 1
- 1
