MODEL:
  c0_1: 5.106279915378346
  c0_2: 6.426983053220988
  k1: 1.000208116602017e-05
  k2: 0.002093492303035103
  kd: 0.00906587413990308
  koff: 0.5302741223693936
  kon: 58.491229216983434
  m: 0.1448480613103925
  mu: 3.1695510363690307
WEIGHTS:
- 1
- 1
