MODEL:
  c0_1: 0.13040414978416326
  c0_2: 0.11905674108968956
  k1: 0.00015388470313997533
  k2: 0.004100590166721738
  kd: 0.03141140323908527
  koff: 12.552174034465757
  kon: 399.60564445102733
  m: 0.019002844042660755
  mu: 1.1722963169935758
WEIGHTS:
- 1
- 1
