MODEL:
  c0_1: 77.2872434357047
  c0_2: 8.075068032666302
  c0_3: 77.2872434357047
  c0_4: 8.075068032666302
  kd: 0.013830717921589351
  koff: 1.914152771256447
  kon: 138.39865595613875
  m1: 0.9155881374935653
  m2: 3.852641568592606
  mu: 8.279262953846956
WEIGHTS:
- 2
- 1
- 2
- 2
