MODEL:
  c0_1: 75.74828816409371
  c0_2: 9.58232316791793
  c0_3: 75.74828816409371
  c0_4: 9.58232316791793
  kd: 0.013579432955142062
  koff: 1.8974743315121305
  kon: 139.731484943458
  m1: 0.9099559417344998
  m2: 3.8218112259166293
  mu: 8.331994776254568
WEIGHTS:
- 2
- 1
- 2
- 2
