MODEL:
  c0_1: 75.74828816409371
  c0_2: 9.58232316791793
  c0_3: 75.74828816409371
  c0_4: 9.58232316791793
  kd: 0.013538155716905503
  koff: 1.894853530274025
  kon: 139.96393378071906
  m1: 0.9089445658902987
  m2: 3.811680998210271
  mu: 8.380746701725153
WEIGHTS:
- 2
- 1
- 2
- 2
