MODEL:
  c0_1: 5.944092536510945
  c0_2: 6.175699826664125
  kd: 0.03626619562764624
  koff: 0.10383211519452759
  kon: 2.8630550681576006
  m: 1.0185760547979736
  mu: 0.9231147802358735
WEIGHTS:
- 1
- 1
