MODEL:
  V1: 1
  V2: 1
  Vc1: 0.00525
  Vc2: 0.00656
  c0_1: 25
  c0_2: 25
  c0_3: 25
  c0_4: 25
  k: 45.93404784942031
  kd: 0.1297040376764738
  koff: 40.01498964474027
  kon: 308.509976725253
  m: 12.64204638273611
  mu: 1.015400355664028
WEIGHTS:
- 1
- 1
- 3
- 3
