MODEL:
  V1: 1
  V2: 1
  Vc1: 0.00525
  Vc2: 0.00656
  c0_1: 25
  c0_2: 25
  c0_3: 25
  c0_4: 25
  k: 48.0890528226528
  kd: 0.11804001682745995
  koff: 36.28717119216216
  kon: 307.41414790886904
  m: 12.149233628310046
  mu: 1.016363975422336
WEIGHTS:
- 1
- 1
- 3
- 3
