MODEL:
  V1: 1
  V2: 1
  Vc1: 0.00525
  Vc2: 0.00656
  c0_1: 25
  c0_2: 25
  c0_3: 25
  c0_4: 25
  k: 52.83782226556863
  kd: 0.07834515330558894
  koff: 25.829881102674392
  kon: 329.69341449781496
  m: 12.429743936884279
  mu: 1.386509688391746
WEIGHTS:
- 1
- 1
- 3
- 3
