MODEL:
  V1: 1
  V2: 1
  Vc1: 0.00525
  Vc2: 0.00656
  c0_1: 25
  c0_2: 25
  c0_3: 25
  c0_4: 25
  k: 47.08340745808404
  kd: 0.12069110082706933
  koff: 39.07385897429478
  kon: 323.7509535212646
  m: 12.51959072147818
  mu: 1.0260487829023566
WEIGHTS:
- 1
- 1
- 3
- 3
