MODEL:
  V1: 1
  V2: 1
  Vc1: 0.00525
  Vc2: 0.00656
  c0_1: 25
  c0_2: 25
  c0_3: 25
  c0_4: 25
  k: 46.04441736982133
  kd: 0.1235603564840138
  koff: 37.36407004803216
  kon: 302.3952917525478
  m: 12.758352787445514
  mu: 1.0356472490424768
WEIGHTS:
- 1
- 1
- 3
- 3
