MODEL:
  V1: 1
  V2: 1
  Vc1: 0.00525
  Vc2: 0.00656
  c0_1: 25
  c0_2: 25
  c0_3: 25
  c0_4: 25
  k: 50.78892240754634
  kd: 0.10342250301601293
  koff: 29.75114128314452
  kon: 287.66603413705957
  m: 12.764558032503349
  mu: 1.3971734757873524
WEIGHTS:
- 1
- 1
- 3
- 3
