MODEL:
  V1: 1
  V2: 1
  Vc1: 0.00525
  Vc2: 0.00656
  c0_1: 25
  c0_2: 25
  c0_3: 25
  c0_4: 25
  k: 45.60734967886682
  kd: 0.12016646567266295
  koff: 37.36976497767905
  kon: 310.98330776803743
  m: 12.236705293480519
  mu: 0.9950109447697815
WEIGHTS:
- 1
- 1
- 3
- 3
