MODEL:
  V1: 1
  V2: 1
  Vc1: 0.00525
  Vc2: 0.00656
  c0_1: 25
  c0_2: 25
  c0_3: 25
  c0_4: 25
  k: 52.07505223818242
  kd: 0.10808943359326777
  koff: 30.501978033469424
  kon: 282.1920424548252
  m: 12.497048502115842
  mu: 1.3483917811345916
WEIGHTS:
- 1
- 1
- 3
- 3
