MODEL:
  V1: 1
  V2: 1
  Vc1: 0.00525
  Vc2: 0.00656
  c0_1: 25
  c0_2: 25
  c0_3: 25
  c0_4: 25
  k: 47.22417797196738
  kd: 0.12905359615841427
  koff: 37.251867313712125
  kon: 288.6542368643891
  m: 12.378454078790845
  mu: 1.0083371586224024
WEIGHTS:
- 1
- 1
- 3
- 3
