MODEL:
  V1: 1
  V2: 1
  Vc1: 0.00525
  Vc2: 0.00656
  c0_1: 25
  c0_2: 25
  c0_3: 25
  c0_4: 25
  k: 60.74705069670408
  kd: 0.1059014011939818
  koff: 31.3637899075584
  kon: 296.1602920636403
  m: 17.37252657147905
  mu: 0.2771401691135926
WEIGHTS:
- 1
- 1
- 3
- 3
