MODEL:
  V1: 1
  V2: 1
  Vc1: 0.00525
  Vc2: 0.00656
  c0_1: 25
  c0_2: 25
  c0_3: 25
  c0_4: 25
  k: 46.04707533832769
  kd: 0.11005481942459996
  koff: 35.35950436947808
  kon: 321.2899221892173
  m: 12.371930088354695
  mu: 1.0326215875670586
WEIGHTS:
- 1
- 1
- 3
- 3
