MODEL:
  V1: 1
  V2: 1
  Vc1: 0.00525
  Vc2: 0.00656
  c0_1: 25
  c0_2: 25
  c0_3: 25
  c0_4: 25
  k: 46.641021187550706
  kd: 0.14450964112082007
  koff: 38.67294558878519
  kon: 267.6149860233334
  m: 13.136180896716072
  mu: 1.0228910511000824
WEIGHTS:
- 1
- 1
- 3
- 3
