MODEL:
  V1: 1
  V2: 1
  Vc1: 0.00525
  Vc2: 0.00656
  c0_1: 25
  c0_2: 25
  c0_3: 25
  c0_4: 25
  k: 52.21364290369674
  kd: 0.0813592040759598
  koff: 25.61407893901619
  kon: 314.82705896559645
  m: 12.545795362643773
  mu: 1.3745488738232488
WEIGHTS:
- 1
- 1
- 3
- 3
