MODEL:
  V1: 1
  V2: 1
  Vc1: 0.00525
  Vc2: 0.00656
  c0_1: 25
  c0_2: 25
  c0_3: 25
  c0_4: 25
  k: 52.073468751232824
  kd: 0.069715573568598
  koff: 24.50951893068959
  kon: 351.5644737050462
  m: 12.126263799486292
  mu: 1.3665518372011718
WEIGHTS:
- 1
- 1
- 3
- 3
