MODEL:
  V1: 1
  V2: 1
  Vc1: 0.00525
  Vc2: 0.00656
  c0_1: 25
  c0_2: 25
  c0_3: 25
  c0_4: 25
  k: 46.65681908095418
  kd: 0.11956772553193472
  koff: 36.345544975657134
  kon: 303.974545087
  m: 12.749467093920295
  mu: 1.0292636963957529
WEIGHTS:
- 1
- 1
- 3
- 3
