MODEL:
  V1: 1
  V2: 1
  Vc1: 0.00525
  Vc2: 0.00656
  c0_1: 25
  c0_2: 25
  c0_3: 25
  c0_4: 25
  k: 52.224337068241276
  kd: 0.0695570512361952
  koff: 25.089298528238096
  kon: 360.70100848643295
  m: 12.092836568150021
  mu: 1.3633457517754477
WEIGHTS:
- 1
- 1
- 3
- 3
