MODEL:
  V1: 1
  V2: 1
  Vc1: 0.00525
  Vc2: 0.00656
  c0_1: 25
  c0_2: 25
  c0_3: 25
  c0_4: 25
  k: 51.963734796108646
  kd: 0.08085283889120465
  koff: 27.213090953879494
  kon: 336.575577642949
  m: 12.532003881214083
  mu: 1.3648507071697966
WEIGHTS:
- 1
- 1
- 3
- 3
