MODEL:
  V1: 1
  V2: 1
  Vc1: 0.00525
  Vc2: 0.00656
  c0_1: 25
  c0_2: 25
  c0_3: 25
  c0_4: 25
  k: 46.41502420891585
  kd: 0.10491691607518223
  koff: 41.76277009011845
  kon: 398.05563918969693
  m: 12.314416555566288
  mu: 1.0194163862392855
WEIGHTS:
- 1
- 1
- 3
- 3
