MODEL:
  V1: 1
  V2: 1
  Vc1: 0.00525
  Vc2: 0.00656
  c0_1: 25
  c0_2: 25
  c0_3: 25
  c0_4: 25
  k: 45.846284741162705
  kd: 0.13091483613725924
  koff: 37.27606929884915
  kon: 284.7352553668295
  m: 12.871717630824271
  mu: 1.0315357696037726
WEIGHTS:
- 1
- 1
- 3
- 3
