MODEL:
  V1: 1
  V2: 1
  Vc1: 0.00525
  Vc2: 0.00656
  c0_1: 25
  c0_2: 25
  c0_3: 25
  c0_4: 25
  k: 46.26362080170612
  kd: 0.12060365808720835
  koff: 36.784365753017234
  kon: 305.00207320758466
  m: 12.657193730853711
  mu: 1.0363673102983637
WEIGHTS:
- 1
- 1
- 3
- 3
