MODEL:
  V1: 1
  V2: 1
  Vc1: 0.00525
  Vc2: 0.00656
  c0_1: 25
  c0_2: 25
  c0_3: 25
  c0_4: 25
  k: 51.34591299049153
  kd: 0.09820745827458109
  koff: 32.129665561782836
  kon: 327.1611558457258
  m: 12.234051849325258
  mu: 1.0559381083862163
WEIGHTS:
- 1
- 1
- 3
- 3
