MODEL:
  V1: 1
  V2: 1
  Vc1: 0.00525
  Vc2: 0.00656
  c0_1: 25
  c0_2: 25
  c0_3: 25
  c0_4: 25
  k: 51.46401290480475
  kd: 0.10500366040302551
  koff: 30.232442401733174
  kon: 287.9179857701615
  m: 12.659960240145313
  mu: 1.3670228757498344
WEIGHTS:
- 1
- 1
- 3
- 3
