MODEL:
  V1: 1
  V2: 1
  Vc1: 0.00525
  Vc2: 0.00656
  c0_1: 25
  c0_2: 25
  c0_3: 25
  c0_4: 25
  k: 46.16926960164242
  kd: 0.12928351901105126
  koff: 38.00091834982544
  kon: 293.93474621136426
  m: 12.59418229002798
  mu: 1.0292929343867168
WEIGHTS:
- 1
- 1
- 3
- 3
