MODEL:
  V1: 1
  V2: 1
  Vc1: 0.00525
  Vc2: 0.00656
  c0_1: 25
  c0_2: 25
  c0_3: 25
  c0_4: 25
  k: 51.69191243127119
  kd: 0.08363975805244354
  koff: 26.173815579190304
  kon: 312.93509436958055
  m: 12.536360044515366
  mu: 1.3940943306442781
WEIGHTS:
- 1
- 1
- 3
- 3
