MODEL:
  V1: 1
  V2: 1
  Vc1: 0.00525
  Vc2: 0.00656
  c0_1: 25
  c0_2: 25
  c0_3: 25
  c0_4: 25
  k: 57.68106556627643
  kd: 0.10875821063130353
  koff: 32.85467590883698
  kon: 302.08915463142534
  m: 13.899758182129531
  mu: 0.8044307393379517
WEIGHTS:
- 1
- 1
- 3
- 3
