MODEL:
  V1: 1
  V2: 1
  Vc1: 0.00525
  Vc2: 0.00656
  c0_1: 25
  c0_2: 25
  c0_3: 25
  c0_4: 25
  k: 52.8850190056513
  kd: 0.07638839063543651
  koff: 27.768096893743262
  kon: 363.5120031035405
  m: 12.461259418840488
  mu: 1.4046761769586018
WEIGHTS:
- 1
- 1
- 3
- 3
