MODEL:
  V1: 1
  V2: 1
  Vc1: 0.00525
  Vc2: 0.00656
  c0_1: 25
  c0_2: 25
  c0_3: 25
  c0_4: 25
  k: 53.66518178499829
  kd: 0.08671888008208299
  koff: 25.932524818858923
  kon: 299.04127906532835
  m: 12.556135230422939
  mu: 1.4042339931655108
WEIGHTS:
- 1
- 1
- 3
- 3
