MODEL:
  V1: 1
  V2: 1
  Vc1: 0.00525
  Vc2: 0.00656
  c0_1: 25
  c0_2: 25
  c0_3: 25
  c0_4: 25
  k: 52.7576565879214
  kd: 0.07958771225996596
  koff: 26.0236409781242
  kon: 326.98063858300594
  m: 12.48547795607707
  mu: 1.3804142880752532
WEIGHTS:
- 1
- 1
- 3
- 3
