MODEL:
  V1: 1
  V2: 1
  Vc1: 0.00525
  Vc2: 0.00656
  c0_1: 25
  c0_2: 25
  c0_3: 25
  c0_4: 25
  k: 52.84360248988744
  kd: 0.10170832242796951
  koff: 29.12397811148064
  kon: 286.3480334375432
  m: 12.980241104639504
  mu: 1.3791097446576113
WEIGHTS:
- 1
- 1
- 3
- 3
