MODEL:
  V1: 1
  V2: 1
  Vc1: 0.00525
  Vc2: 0.00656
  c0_1: 25
  c0_2: 25
  c0_3: 25
  c0_4: 25
  k: 52.88933623025307
  kd: 0.08127210627815203
  koff: 25.866411419300114
  kon: 318.2692390273839
  m: 12.481629508623591
  mu: 1.3688339826327245
WEIGHTS:
- 1
- 1
- 3
- 3
