MODEL:
  V1: 1
  V2: 1
  Vc1: 0.00525
  Vc2: 0.00656
  c0_1: 25
  c0_2: 25
  c0_3: 25
  c0_4: 25
  k: 45.19708056899304
  kd: 0.11655816177104723
  koff: 38.45579717542397
  kon: 329.92796549899174
  m: 12.482682594477424
  mu: 1.0322950191750484
WEIGHTS:
- 1
- 1
- 3
- 3
