MODEL:
  V1: 1
  V2: 1
  Vc1: 0.00525
  Vc2: 0.00656
  c0_1: 25
  c0_2: 25
  c0_3: 25
  c0_4: 25
  k: 46.28400280020011
  kd: 0.09663390887471221
  koff: 33.5462393152426
  kon: 347.1477011111697
  m: 12.018600843484707
  mu: 1.0039799843230544
WEIGHTS:
- 1
- 1
- 3
- 3
