MODEL:
  V1: 1
  V2: 1
  Vc1: 0.00525
  Vc2: 0.00656
  c0_1: 25
  c0_2: 25
  c0_3: 25
  c0_4: 25
  k: 45.7396673564314
  kd: 0.11556822914259297
  koff: 37.436745717499555
  kon: 323.9363101368328
  m: 12.46923590293182
  mu: 1.0225502734022216
WEIGHTS:
- 1
- 1
- 3
- 3
