MODEL:
  V1: 1
  V2: 1
  Vc1: 0.00525
  Vc2: 0.00656
  c0_1: 25
  c0_2: 25
  c0_3: 25
  c0_4: 25
  k: 45.991263851466876
  kd: 0.11717424012042278
  koff: 35.980440492505366
  kon: 307.0678372270851
  m: 12.381684837705688
  mu: 1.0228917606158863
WEIGHTS:
- 1
- 1
- 3
- 3
