MODEL:
  V1: 1
  V2: 1
  Vc1: 0.00525
  Vc2: 0.00656
  c0_1: 25
  c0_2: 25
  c0_3: 25
  c0_4: 25
  k: 52.76661912054685
  kd: 0.09023733814204435
  koff: 27.278637414628754
  kon: 302.29878203730834
  m: 12.604204778517662
  mu: 1.379161652871777
WEIGHTS:
- 1
- 1
- 3
- 3
