MODEL:
  V1: 1
  V2: 1
  Vc1: 0.00525
  Vc2: 0.00656
  c0_1: 25
  c0_2: 25
  c0_3: 25
  c0_4: 25
  k: 52.461416921110455
  kd: 0.10925038679265192
  koff: 34.69352172643525
  kon: 317.5597153013348
  m: 12.192238375364322
  mu: 1.0266240854551256
WEIGHTS:
- 1
- 1
- 3
- 3
