MODEL:
  V1: 1
  V2: 1
  Vc1: 0.00525
  Vc2: 0.00656
  c0_1: 25
  c0_2: 25
  c0_3: 25
  c0_4: 25
  k: 47.347794054832036
  kd: 0.11199801533153368
  koff: 34.94136938339315
  kon: 311.9820407527812
  m: 12.568644397507935
  mu: 1.0101799435531629
WEIGHTS:
- 1
- 1
- 3
- 3
