MODEL:
  V1: 1
  V2: 1
  Vc1: 0.00525
  Vc2: 0.00656
  c0_1: 25
  c0_2: 25
  c0_3: 25
  c0_4: 25
  k: 50.350705389689864
  kd: 0.11803380946901239
  koff: 35.943887503927414
  kon: 304.52196422046194
  m: 12.360853967218265
  mu: 1.0150166052628418
WEIGHTS:
- 1
- 1
- 3
- 3
