MODEL:
  V1: 1
  V2: 1
  Vc1: 0.00525
  Vc2: 0.00656
  c0_1: 25
  c0_2: 25
  c0_3: 25
  c0_4: 25
  k: 52.34106912000001
  kd: 0.10436496677407332
  koff: 29.335545791999994
  kon: 281.08614124799993
  m: 13.1831099712
  mu: 1.3942913759999995
WEIGHTS:
- 1
- 1
- 3
- 3
