MODEL:
  V1: 1
  V2: 1
  Vc1: 0.00525
  Vc2: 0.00656
  c0_1: 25
  c0_2: 25
  c0_3: 25
  c0_4: 25
  k: 52.814672717743825
  kd: 0.08679457752283627
  koff: 27.249879614473766
  kon: 313.95831850560165
  m: 12.568928451249072
  mu: 1.37563207993205
WEIGHTS:
- 1
- 1
- 3
- 3
