MODEL:
  V1: 1
  V2: 1
  Vc1: 0.00525
  Vc2: 0.00656
  c0_1: 25
  c0_2: 25
  c0_3: 25
  c0_4: 25
  k: 51.89408752201676
  kd: 0.10982908114856492
  koff: 31.372406040466586
  kon: 285.6475326241634
  m: 12.403912189698744
  mu: 1.313256382180126
WEIGHTS:
- 1
- 1
- 3
- 3
