MODEL:
  V1: 1
  V2: 1
  Vc1: 0.00525
  Vc2: 0.00656
  c0_1: 25
  c0_2: 25
  c0_3: 25
  c0_4: 25
  k: 45.8784447802053
  kd: 0.11035433691940563
  koff: 34.218231528773345
  kon: 310.07600139687963
  m: 12.231185302083471
  mu: 1.0210357609703808
WEIGHTS:
- 1
- 1
- 3
- 3
