MODEL:
  V1: 1
  V2: 1
  Vc1: 0.00525
  Vc2: 0.00656
  c0_1: 25
  c0_2: 25
  c0_3: 25
  c0_4: 25
  k: 52.67490666940102
  kd: 0.10729588816749126
  koff: 30.286990879594907
  kon: 282.27541052007734
  m: 13.12218732579539
  mu: 1.393253809862825
WEIGHTS:
- 1
- 1
- 3
- 3
