MODEL:
  V1: 1
  V2: 1
  Vc1: 0.00525
  Vc2: 0.00656
  c0_1: 25
  c0_2: 25
  c0_3: 25
  c0_4: 25
  k: 45.3382626292886
  kd: 0.12000637896752059
  koff: 39.638534987304496
  kon: 330.30356659651034
  m: 12.585559158225298
  mu: 1.0261975896648332
WEIGHTS:
- 1
- 1
- 3
- 3
