MODEL:
  V1: 1
  V2: 1
  Vc1: 0.00525
  Vc2: 0.00656
  c0_1: 25
  c0_2: 25
  c0_3: 25
  c0_4: 25
  k: 45.79265509788115
  kd: 0.11521999316680108
  koff: 38.37365738280157
  kon: 333.04686390016525
  m: 12.521458608071024
  mu: 1.0316000935173788
WEIGHTS:
- 1
- 1
- 3
- 3
