MODEL:
  V1: 1
  V2: 1
  Vc1: 0.00525
  Vc2: 0.00656
  c0_1: 25
  c0_2: 25
  c0_3: 25
  c0_4: 25
  k: 51.9387596649619
  kd: 0.06996010531018182
  koff: 27.122350644413217
  kon: 387.6831020216589
  m: 12.122742449613918
  mu: 1.3515083340082519
WEIGHTS:
- 1
- 1
- 3
- 3
