MODEL:
  V1: 1
  V2: 1
  Vc1: 0.00525
  Vc2: 0.00656
  c0_1: 25
  c0_2: 25
  c0_3: 25
  c0_4: 25
  k: 52.039480502459185
  kd: 0.07844827886520062
  koff: 24.763721614527892
  kon: 315.6694062986383
  m: 12.511762353306949
  mu: 1.3788844270036222
WEIGHTS:
- 1
- 1
- 3
- 3
