MODEL:
  V1: 1
  V2: 1
  Vc1: 0.00525
  Vc2: 0.00656
  c0_1: 25
  c0_2: 25
  c0_3: 25
  c0_4: 25
  k: 46.88535071776008
  kd: 0.1162623903497089
  koff: 35.7866717642916
  kon: 307.8095302930541
  m: 12.634571021439747
  mu: 1.0261305725961418
WEIGHTS:
- 1
- 1
- 3
- 3
