MODEL:
  V1: 1
  V2: 1
  Vc1: 0.00525
  Vc2: 0.00656
  c0_1: 25
  c0_2: 25
  c0_3: 25
  c0_4: 25
  k: 53.42040647244218
  kd: 0.10546288243743536
  koff: 29.65815742855927
  kon: 281.2189155379252
  m: 13.449292496329313
  mu: 1.4215920961520507
WEIGHTS:
- 1
- 1
- 3
- 3
