MODEL:
  V1: 1
  V2: 1
  Vc1: 0.00525
  Vc2: 0.00656
  c0_1: 25
  c0_2: 25
  c0_3: 25
  c0_4: 25
  k: 51.874953718272025
  kd: 0.11397310770933747
  koff: 31.874469985843188
  kon: 279.66658649978893
  m: 12.4671582577152
  mu: 1.3570712214297593
WEIGHTS:
- 1
- 1
- 3
- 3
