MODEL:
  V1: 1
  V2: 1
  Vc1: 0.00525
  Vc2: 0.00656
  c0_1: 25
  c0_2: 25
  c0_3: 25
  c0_4: 25
  k: 52.001235651313195
  kd: 0.07264466321130693
  koff: 25.545941137952983
  kon: 351.6561301089057
  m: 12.111045305715205
  mu: 1.330140198737011
WEIGHTS:
- 1
- 1
- 3
- 3
