MODEL:
  V1: 1
  V2: 1
  Vc1: 0.00525
  Vc2: 0.00656
  c0_1: 25
  c0_2: 25
  c0_3: 25
  c0_4: 25
  k: 53.4377372076829
  kd: 0.1029194372600955
  koff: 29.2475152283217
  kon: 284.178732481874
  m: 13.375155785342598
  mu: 1.4141496163089902
WEIGHTS:
- 1
- 1
- 3
- 3
