MODEL:
  V1: 1
  V2: 1
  Vc1: 0.00525
  Vc2: 0.00656
  c0_1: 25
  c0_2: 25
  c0_3: 25
  c0_4: 25
  k: 52.48761309251604
  kd: 0.10580568200959257
  koff: 30.458802287974287
  kon: 287.87492041507585
  m: 12.64798589638152
  mu: 1.3357153346260242
WEIGHTS:
- 1
- 1
- 3
- 3
