MODEL:
  V1: 1
  V2: 1
  Vc1: 0.00525
  Vc2: 0.00656
  c0_1: 25
  c0_2: 25
  c0_3: 25
  c0_4: 25
  k: 52.10006976968066
  kd: 0.0850285879900955
  koff: 26.262938261554723
  kon: 308.8718615980539
  m: 12.472959804566415
  mu: 1.3474188290676752
WEIGHTS:
- 1
- 1
- 3
- 3
