MODEL:
  V1: 1
  V2: 1
  Vc1: 0.00525
  Vc2: 0.00656
  c0_1: 25
  c0_2: 25
  c0_3: 25
  c0_4: 25
  k: 46.46288345385483
  kd: 0.12189633715789538
  koff: 38.597568467527
  kon: 316.64256176566323
  m: 12.548077013928983
  mu: 1.0266086517401471
WEIGHTS:
- 1
- 1
- 3
- 3
