MODEL:
  V1: 1
  V2: 1
  Vc1: 0.00525
  Vc2: 0.00656
  c0_1: 25
  c0_2: 25
  c0_3: 25
  c0_4: 25
  k: 52.2931313601949
  kd: 0.10439328729405227
  koff: 29.576844634970307
  kon: 283.3213265107653
  m: 13.129585908131594
  mu: 1.3782417102543674
WEIGHTS:
- 1
- 1
- 3
- 3
