MODEL:
  V1: 1
  V2: 1
  Vc1: 0.00525
  Vc2: 0.00656
  c0_1: 25
  c0_2: 25
  c0_3: 25
  c0_4: 25
  k: 52.46189099006329
  kd: 0.08030663554640345
  koff: 25.534019891082817
  kon: 317.95653892546073
  m: 12.534329059095533
  mu: 1.3786009754995296
WEIGHTS:
- 1
- 1
- 3
- 3
