MODEL:
  V1: 1
  V2: 1
  Vc1: 0.00525
  Vc2: 0.00656
  c0_1: 25
  c0_2: 25
  c0_3: 25
  c0_4: 25
  k: 51.234273503629524
  kd: 0.10594905934466407
  koff: 30.203921766474675
  kon: 285.0796595391938
  m: 12.739568843992362
  mu: 1.363769830388581
WEIGHTS:
- 1
- 1
- 3
- 3
