MODEL:
  V1: 1
  V2: 1
  Vc1: 0.00525
  Vc2: 0.00656
  c0_1: 25
  c0_2: 25
  c0_3: 25
  c0_4: 25
  k: 52.13609527626215
  kd: 0.10210956005695941
  koff: 29.462030224104794
  kon: 288.53351446887143
  m: 13.006754259739559
  mu: 1.3726697153820435
WEIGHTS:
- 1
- 1
- 3
- 3
