MODEL:
  V1: 1
  V2: 1
  Vc1: 0.00525
  Vc2: 0.00656
  c0_1: 25
  c0_2: 25
  c0_3: 25
  c0_4: 25
  k: 52.68163481647634
  kd: 0.08803941985383171
  koff: 26.707229213311763
  kon: 303.35535215534924
  m: 12.680623842973175
  mu: 1.3817403647645168
WEIGHTS:
- 1
- 1
- 3
- 3
