MODEL:
  V1: 1
  V2: 1
  Vc1: 0.00525
  Vc2: 0.00656
  c0_1: 25
  c0_2: 25
  c0_3: 25
  c0_4: 25
  k: 46.012576584575044
  kd: 0.09384803575868435
  koff: 33.4052123940362
  kon: 355.9500433225104
  m: 11.985406490756075
  mu: 1.0185739125532876
WEIGHTS:
- 1
- 1
- 3
- 3
