MODEL:
  V1: 1
  V2: 1
  Vc1: 0.00525
  Vc2: 0.00656
  c0_1: 25
  c0_2: 25
  c0_3: 25
  c0_4: 25
  k: 51.16157758388208
  kd: 0.10262119116995731
  koff: 29.85037178046033
  kon: 290.87921744177845
  m: 12.751049274626341
  mu: 1.3590950231521395
WEIGHTS:
- 1
- 1
- 3
- 3
