MODEL:
  V1: 1
  V2: 1
  Vc1: 0.00525
  Vc2: 0.00656
  c0_1: 25
  c0_2: 25
  c0_3: 25
  c0_4: 25
  k: 53.547655651464346
  kd: 0.1071222705421624
  koff: 29.759153158758117
  kon: 277.8054741385002
  m: 13.417226096596021
  mu: 1.4222485662287383
WEIGHTS:
- 1
- 1
- 3
- 3
