MODEL:
  V1: 1
  V2: 1
  Vc1: 0.00525
  Vc2: 0.00656
  c0_1: 25
  c0_2: 25
  c0_3: 25
  c0_4: 25
  k: 47.77196992098597
  kd: 0.12035696494350294
  koff: 37.5453636036586
  kon: 311.95006970542056
  m: 12.683109266831956
  mu: 1.0105276193509436
WEIGHTS:
- 1
- 1
- 3
- 3
