MODEL:
  V1: 1
  V2: 1
  Vc1: 0.00525
  Vc2: 0.00656
  c0_1: 25
  c0_2: 25
  c0_3: 25
  c0_4: 25
  k: 45.990363491554135
  kd: 0.12782939999963655
  koff: 38.580585990531844
  kon: 301.8130883086484
  m: 12.485091701382618
  mu: 1.036616730719547
WEIGHTS:
- 1
- 1
- 3
- 3
