MODEL:
  V1: 1
  V2: 1
  Vc1: 0.00525
  Vc2: 0.00656
  c0_1: 25
  c0_2: 25
  c0_3: 25
  c0_4: 25
  k: 47.08835892630578
  kd: 0.11011585727913047
  koff: 34.8673835960308
  kon: 316.64271120957784
  m: 12.55979330833965
  mu: 1.0383759755719804
WEIGHTS:
- 1
- 1
- 3
- 3
