MODEL:
  V1: 1
  V2: 1
  Vc1: 0.00525
  Vc2: 0.00656
  c0_1: 25
  c0_2: 25
  c0_3: 25
  c0_4: 25
  k: 47.11871921267631
  kd: 0.11104682477508085
  koff: 34.80069876124434
  kon: 313.38760772071794
  m: 12.674054545867989
  mu: 1.04708195321246
WEIGHTS:
- 1
- 1
- 3
- 3
