MODEL:
  V1: 1
  V2: 1
  Vc1: 0.00525
  Vc2: 0.00656
  c0_1: 25
  c0_2: 25
  c0_3: 25
  c0_4: 25
  k: 51.42161496794717
  kd: 0.06988880976956649
  koff: 27.156418999541522
  kon: 388.56605355106433
  m: 12.08455165216364
  mu: 1.3605405298653088
WEIGHTS:
- 1
- 1
- 3
- 3
