MODEL:
  V1: 1
  V2: 1
  Vc1: 0.00525
  Vc2: 0.00656
  c0_1: 25
  c0_2: 25
  c0_3: 25
  c0_4: 25
  k: 51.24870117068803
  kd: 0.11176068581691898
  koff: 31.54104282593277
  kon: 282.21948170219537
  m: 12.375909091020796
  mu: 1.3382988839270398
WEIGHTS:
- 1
- 1
- 3
- 3
