MODEL:
  V1: 1
  V2: 1
  Vc1: 0.00525
  Vc2: 0.00656
  c0_1: 25
  c0_2: 25
  c0_3: 25
  c0_4: 25
  k: 46.13537373884157
  kd: 0.11574606268377394
  koff: 35.93186081431746
  kon: 310.43700304938864
  m: 12.819257068031227
  mu: 1.0305822014958124
WEIGHTS:
- 1
- 1
- 3
- 3
