MODEL:
  V1: 1
  V2: 1
  Vc1: 0.00525
  Vc2: 0.00656
  c0_1: 25
  c0_2: 25
  c0_3: 25
  c0_4: 25
  k: 52.49668461971547
  kd: 0.1045858226828799
  koff: 29.654283308670486
  kon: 283.5401830569979
  m: 13.181518791468413
  mu: 1.3930957991066684
WEIGHTS:
- 1
- 1
- 3
- 3
