MODEL:
  V1: 1
  V2: 1
  Vc1: 0.00525
  Vc2: 0.00656
  c0_1: 25
  c0_2: 25
  c0_3: 25
  c0_4: 25
  k: 51.77280026520823
  kd: 0.07275468248217
  koff: 25.14727718647888
  kon: 345.64479327693755
  m: 12.146734726059856
  mu: 1.3571560676512435
WEIGHTS:
- 1
- 1
- 3
- 3
