MODEL:
  V1: 1
  V2: 1
  Vc1: 0.00525
  Vc2: 0.00656
  c0_1: 25
  c0_2: 25
  c0_3: 25
  c0_4: 25
  k: 47.81024782269572
  kd: 0.12671354704049484
  koff: 35.91905776054669
  kon: 283.4665953204495
  m: 12.520990652723764
  mu: 1.0212757502287886
WEIGHTS:
- 1
- 1
- 3
- 3
