MODEL:
  V1: 1
  V2: 1
  Vc1: 0.00525
  Vc2: 0.00656
  c0_1: 25
  c0_2: 25
  c0_3: 25
  c0_4: 25
  k: 46.519531596022176
  kd: 0.11691560302309266
  koff: 35.81253649968785
  kon: 306.3110104526794
  m: 12.657205963105824
  mu: 1.0331767499281654
WEIGHTS:
- 1
- 1
- 3
- 3
