MODEL:
  V1: 1
  V2: 1
  Vc1: 0.00525
  Vc2: 0.00656
  c0_1: 25
  c0_2: 25
  c0_3: 25
  c0_4: 25
  k: 53.206012179357955
  kd: 0.08128434215911376
  koff: 27.114858612833693
  kon: 333.5803414605542
  m: 12.491836909420524
  mu: 1.352366598848378
WEIGHTS:
- 1
- 1
- 3
- 3
