MODEL:
  V1: 1
  V2: 1
  Vc1: 0.00525
  Vc2: 0.00656
  c0_1: 25
  c0_2: 25
  c0_3: 25
  c0_4: 25
  k: 52.64810363760148
  kd: 0.06802857345042729
  koff: 24.044356411097482
  kon: 353.44495983909917
  m: 12.031912762722296
  mu: 1.3687263416539182
WEIGHTS:
- 1
- 1
- 3
- 3
