MODEL:
  V1: 1
  V2: 1
  Vc1: 0.00525
  Vc2: 0.00656
  c0_1: 25
  c0_2: 25
  c0_3: 25
  c0_4: 25
  k: 47.02988184517599
  kd: 0.14839759101659486
  koff: 40.437159248906774
  kon: 272.4920193912367
  m: 13.07721738512824
  mu: 1.0163202208665574
WEIGHTS:
- 1
- 1
- 3
- 3
