MODEL:
  V1: 1
  V2: 1
  Vc1: 0.00525
  Vc2: 0.00656
  c0_1: 25
  c0_2: 25
  c0_3: 25
  c0_4: 25
  k: 50.572895044861866
  kd: 0.10199222000756199
  koff: 29.518383899590056
  kon: 289.41799577851606
  m: 12.504348958250745
  mu: 1.3665604756306702
WEIGHTS:
- 1
- 1
- 3
- 3
