MODEL:
  V1: 1
  V2: 1
  Vc1: 0.00525
  Vc2: 0.00656
  c0_1: 25
  c0_2: 25
  c0_3: 25
  c0_4: 25
  k: 46.25525536726627
  kd: 0.11520797831319451
  koff: 35.95735455275042
  kon: 312.1081984009809
  m: 12.654167308297353
  mu: 1.0330760914876693
WEIGHTS:
- 1
- 1
- 3
- 3
