MODEL:
  V1: 1
  V2: 1
  Vc1: 0.00525
  Vc2: 0.00656
  c0_1: 25
  c0_2: 25
  c0_3: 25
  c0_4: 25
  k: 45.95085397465349
  kd: 0.10619388473339252
  koff: 36.11976889210922
  kon: 340.13040376845174
  m: 12.179053049605216
  mu: 1.033194838372113
WEIGHTS:
- 1
- 1
- 3
- 3
