MODEL:
  V1: 1
  V2: 1
  Vc1: 0.00525
  Vc2: 0.00656
  c0_1: 25
  c0_2: 25
  c0_3: 25
  c0_4: 25
  k: 48.4880735393124
  kd: 0.11815182719981852
  koff: 36.061205046154846
  kon: 305.2107267471039
  m: 12.138614231734786
  mu: 1.0118300659773252
WEIGHTS:
- 1
- 1
- 3
- 3
