MODEL:
  V1: 1
  V2: 1
  Vc1: 0.00525
  Vc2: 0.00656
  c0_1: 25
  c0_2: 25
  c0_3: 25
  c0_4: 25
  k: 48.99976158068914
  kd: 0.0884278773871197
  koff: 28.74612868901265
  kon: 325.0799356312467
  m: 12.357973858874082
  mu: 1.3399789622690728
WEIGHTS:
- 1
- 1
- 3
- 3
