MODEL:
  V1: 1
  V2: 1
  Vc1: 0.00525
  Vc2: 0.00656
  c0_1: 25
  c0_2: 25
  c0_3: 25
  c0_4: 25
  k: 53.842990782158225
  kd: 0.10147816599700048
  koff: 28.851289293015842
  kon: 284.31031453474077
  m: 13.352321424970015
  mu: 1.4092935789616612
WEIGHTS:
- 1
- 1
- 3
- 3
