MODEL:
  V1: 1
  V2: 1
  Vc1: 0.00525
  Vc2: 0.00656
  c0_1: 25
  c0_2: 25
  c0_3: 25
  c0_4: 25
  k: 52.453118397902216
  kd: 0.10678739586638028
  koff: 29.51922374201386
  kon: 276.4298492581497
  m: 13.573996192269231
  mu: 1.4152494658945847
WEIGHTS:
- 1
- 1
- 3
- 3
