MODEL:
  V1: 1
  V2: 1
  Vc1: 0.00525
  Vc2: 0.00656
  c0_1: 25
  c0_2: 25
  c0_3: 25
  c0_4: 25
  k: 49.98059949379273
  kd: 0.09682346352430808
  koff: 32.201683764332245
  kon: 332.5814073594654
  m: 12.177720864416077
  mu: 1.0329741118602147
WEIGHTS:
- 1
- 1
- 3
- 3
