MODEL:
  V1: 1
  V2: 1
  Vc1: 0.00525
  Vc2: 0.00656
  c0_1: 25
  c0_2: 25
  c0_3: 25
  c0_4: 25
  k: 52.479475557991606
  kd: 0.08753583523820023
  koff: 27.855195783509405
  kon: 318.2147712158178
  m: 12.586625864797746
  mu: 1.3590643218544625
WEIGHTS:
- 1
- 1
- 3
- 3
