MODEL:
  V1: 1
  V2: 1
  Vc1: 0.00525
  Vc2: 0.00656
  c0_1: 25
  c0_2: 25
  c0_3: 25
  c0_4: 25
  k: 54.20547055435307
  kd: 0.10695950581552202
  koff: 29.6002393640438
  kon: 276.7424843482046
  m: 13.442492317639541
  mu: 1.3978953516208354
WEIGHTS:
- 1
- 1
- 3
- 3
