MODEL:
  V1: 1
  V2: 1
  Vc1: 0.00525
  Vc2: 0.00656
  c0_1: 25
  c0_2: 25
  c0_3: 25
  c0_4: 25
  k: 51.10278099014843
  kd: 0.11230044106905271
  koff: 31.955915665919555
  kon: 284.5573477869967
  m: 12.361983261472137
  mu: 1.312621434333612
WEIGHTS:
- 1
- 1
- 3
- 3
