MODEL:
  V1: 1
  V2: 1
  Vc1: 0.00525
  Vc2: 0.00656
  c0_1: 25
  c0_2: 25
  c0_3: 25
  c0_4: 25
  k: 47.26382620274535
  kd: 0.13149903770112545
  koff: 37.64614364431947
  kon: 286.28455616445376
  m: 12.889659576601698
  mu: 1.0256025224413545
WEIGHTS:
- 1
- 1
- 3
- 3
