MODEL:
  V1: 1
  V2: 1
  Vc1: 0.00525
  Vc2: 0.00656
  c0_1: 25
  c0_2: 25
  c0_3: 25
  c0_4: 25
  k: 46.133876770727355
  kd: 0.1138065181959553
  koff: 35.3848096411582
  kon: 310.9207644875984
  m: 12.645252930771122
  mu: 1.03119855193294
WEIGHTS:
- 1
- 1
- 3
- 3
