MODEL:
  V1: 1
  V2: 1
  Vc1: 0.00525
  Vc2: 0.00656
  c0_1: 25
  c0_2: 25
  c0_3: 25
  c0_4: 25
  k: 46.941125553355874
  kd: 0.10117011088156551
  koff: 33.556232214585236
  kon: 331.6812833571739
  m: 12.352650820743897
  mu: 1.0389993996930156
WEIGHTS:
- 1
- 1
- 3
- 3
