MODEL:
  V1: 1
  V2: 1
  Vc1: 0.00525
  Vc2: 0.00656
  c0_1: 25
  c0_2: 25
  c0_3: 25
  c0_4: 25
  k: 52.54350064764917
  kd: 0.08077518134455554
  koff: 25.942111015001938
  kon: 321.16437974113575
  m: 12.53055789658383
  mu: 1.3803890004933221
WEIGHTS:
- 1
- 1
- 3
- 3
