MODEL:
  V1: 1
  V2: 1
  Vc1: 0.00525
  Vc2: 0.00656
  c0_1: 25
  c0_2: 25
  c0_3: 25
  c0_4: 25
  k: 46.33788778851856
  kd: 0.1252648915735394
  koff: 38.54267108076519
  kon: 307.68933415104505
  m: 12.502935927495841
  mu: 1.0097073973334034
WEIGHTS:
- 1
- 1
- 3
- 3
