MODEL:
  V1: 1
  V2: 1
  Vc1: 0.00525
  Vc2: 0.00656
  c0_1: 25
  c0_2: 25
  c0_3: 25
  c0_4: 25
  k: 51.112159216767196
  kd: 0.10302181513054724
  koff: 34.907665820254834
  kon: 338.83761197587637
  m: 12.208432279383306
  mu: 1.0168456452650014
WEIGHTS:
- 1
- 1
- 3
- 3
