MODEL:
  V1: 1
  V2: 1
  Vc1: 0.00525
  Vc2: 0.00656
  c0_1: 25
  c0_2: 25
  c0_3: 25
  c0_4: 25
  k: 53.13548101887993
  kd: 0.10043897875488512
  koff: 28.708098160127996
  kon: 285.82626502195194
  m: 12.991584022476797
  mu: 1.4098623210239993
WEIGHTS:
- 1
- 1
- 3
- 3
