MODEL:
  V1: 1
  V2: 1
  Vc1: 0.00525
  Vc2: 0.00656
  c0_1: 25
  c0_2: 25
  c0_3: 25
  c0_4: 25
  k: 45.539397895407916
  kd: 0.09734500749714933
  koff: 33.02833674721557
  kon: 339.2915322152785
  m: 12.322980863628661
  mu: 1.019733986086997
WEIGHTS:
- 1
- 1
- 3
- 3
