MODEL:
  V1: 1
  V2: 1
  Vc1: 0.00525
  Vc2: 0.00656
  c0_1: 25
  c0_2: 25
  c0_3: 25
  c0_4: 25
  k: 53.64596151522504
  kd: 0.07774002612502692
  koff: 25.099724354229668
  kon: 322.8674545833384
  m: 12.41865606743881
  mu: 1.400905549779762
WEIGHTS:
- 1
- 1
- 3
- 3
