MODEL:
  V1: 1
  V2: 1
  Vc1: 0.00525
  Vc2: 0.00656
  c0_1: 25
  c0_2: 25
  c0_3: 25
  c0_4: 25
  k: 47.80736236457825
  kd: 0.13257327221318754
  koff: 36.90165347643483
  kon: 278.34911864507853
  m: 12.570949505641135
  mu: 1.0181019282779857
WEIGHTS:
- 1
- 1
- 3
- 3
