MODEL:
  V1: 1
  V2: 1
  Vc1: 0.00525
  Vc2: 0.00656
  c0_1: 25
  c0_2: 25
  c0_3: 25
  c0_4: 25
  k: 51.13418476141186
  kd: 0.11041404206799073
  koff: 31.363384371122436
  kon: 284.05249716163365
  m: 12.351469666150749
  mu: 1.320369156278405
WEIGHTS:
- 1
- 1
- 3
- 3
