MODEL:
  V1: 1
  V2: 1
  Vc1: 0.00525
  Vc2: 0.00656
  c0_1: 25
  c0_2: 25
  c0_3: 25
  c0_4: 25
  k: 53.293989111798155
  kd: 0.09978733249375739
  koff: 29.344691081402402
  kon: 294.0723070559901
  m: 13.041669240243209
  mu: 1.377981096477653
WEIGHTS:
- 1
- 1
- 3
- 3
