MODEL:
  V1: 1
  V2: 1
  Vc1: 0.00525
  Vc2: 0.00656
  c0_1: 25
  c0_2: 25
  c0_3: 25
  c0_4: 25
  k: 46.65439015884398
  kd: 0.11837809384056841
  koff: 36.10460402684798
  kon: 304.9939634563947
  m: 12.726964025085842
  mu: 1.0292732216825646
WEIGHTS:
- 1
- 1
- 3
- 3
