MODEL:
  V1: 1
  V2: 1
  Vc1: 0.00525
  Vc2: 0.00656
  c0_1: 25
  c0_2: 25
  c0_3: 25
  c0_4: 25
  k: 52.75665032499069
  kd: 0.07267798239338852
  koff: 25.54586199697217
  kon: 351.49382461800514
  m: 12.14423334348383
  mu: 1.3590195210716147
WEIGHTS:
- 1
- 1
- 3
- 3
