MODEL:
  V1: 1
  V2: 1
  Vc1: 0.00525
  Vc2: 0.00656
  c0_1: 25
  c0_2: 25
  c0_3: 25
  c0_4: 25
  k: 46.78846232889395
  kd: 0.11323807591440571
  koff: 35.869975227032654
  kon: 316.7660253618758
  m: 12.403550439415863
  mu: 1.0172208453739489
WEIGHTS:
- 1
- 1
- 3
- 3
