MODEL:
  V1: 1
  V2: 1
  Vc1: 0.00525
  Vc2: 0.00656
  c0_1: 25
  c0_2: 25
  c0_3: 25
  c0_4: 25
  k: 52.806714256964376
  kd: 0.08276770919499939
  koff: 27.222449106834738
  kon: 328.90180689547765
  m: 12.524194090654877
  mu: 1.3664575443029312
WEIGHTS:
- 1
- 1
- 3
- 3
