MODEL:
  V1: 1
  V2: 1
  Vc1: 0.00525
  Vc2: 0.00656
  c0_1: 25
  c0_2: 25
  c0_3: 25
  c0_4: 25
  k: 45.63460775773945
  kd: 0.10897832116097071
  koff: 37.75890101660925
  kon: 346.4808469643791
  m: 12.256618551517576
  mu: 1.0176410601734913
WEIGHTS:
- 1
- 1
- 3
- 3
