MODEL:
  V1: 1
  V2: 1
  Vc1: 0.00525
  Vc2: 0.00656
  c0_1: 25
  c0_2: 25
  c0_3: 25
  c0_4: 25
  k: 47.00251006722418
  kd: 0.12244175026691093
  koff: 42.9060926200915
  kon: 350.42044504068633
  m: 12.583139346819529
  mu: 1.0263304624291338
WEIGHTS:
- 1
- 1
- 3
- 3
