MODEL:
  V1: 1
  V2: 1
  Vc1: 0.00525
  Vc2: 0.00656
  c0_1: 25
  c0_2: 25
  c0_3: 25
  c0_4: 25
  k: 50
  koff: 30
  kon: 270
  m: 13
  mu: 1.5
WEIGHTS:
- 1
- 1
- 3
- 3
