MODEL:
  V1: 1
  V2: 1
  Vc1: 0.00525
  Vc2: 0.00656
  c0_1: 25
  c0_2: 25
  c0_3: 25
  c0_4: 25
  k: 50.73143105166146
  kd: 0.08100563099212094
  koff: 26.23044106468602
  kon: 323.81009497027856
  m: 12.246772863893536
  mu: 1.3507818999498302
WEIGHTS:
- 1
- 1
- 3
- 3
