MODEL:
  V1: 1
  V2: 1
  Vc1: 0.00525
  Vc2: 0.00656
  c0_1: 25
  c0_2: 25
  c0_3: 25
  c0_4: 25
  k: 45.96624286977375
  kd: 0.09249094134126534
  koff: 39.573945738068886
  kon: 427.8683421769084
  m: 12.020911916091945
  mu: 1.016474320163742
WEIGHTS:
- 1
- 1
- 3
- 3
