MODEL:
  V1: 1
  V2: 1
  Vc1: 0.00525
  Vc2: 0.00656
  c0_1: 25
  c0_2: 25
  c0_3: 25
  c0_4: 25
  k: 45.91409745850376
  kd: 0.10989839988113895
  koff: 36.069350530830434
  kon: 328.20633029999874
  m: 12.232208292053485
  mu: 1.0372059426151221
WEIGHTS:
- 1
- 1
- 3
- 3
