MODEL:
  V1: 1
  V2: 1
  Vc1: 0.00525
  Vc2: 0.00656
  c0_1: 25
  c0_2: 25
  c0_3: 25
  c0_4: 25
  k: 51.41349147146846
  kd: 0.08178766943123075
  koff: 26.068260957150752
  kon: 318.73094243221635
  m: 12.614123716405468
  mu: 1.385800328811957
WEIGHTS:
- 1
- 1
- 3
- 3
