MODEL:
  V1: 1
  V2: 1
  Vc1: 0.00525
  Vc2: 0.00656
  c0_1: 25
  c0_2: 25
  c0_3: 25
  c0_4: 25
  k: 47.300189624021726
  kd: 0.11112950738144334
  koff: 34.17009341945262
  kon: 307.47993241944687
  m: 12.68110090399159
  mu: 1.0396987680838226
WEIGHTS:
- 1
- 1
- 3
- 3
