MODEL:
  V1: 1
  V2: 1
  Vc1: 0.00525
  Vc2: 0.00656
  c0_1: 25
  c0_2: 25
  c0_3: 25
  c0_4: 25
  k: 60.18102726434171
  kd: 0.11382808327933844
  koff: 36.85275824275354
  kon: 323.7580496924952
  m: 11.256906207661409
  mu: 0.7687487626333437
WEIGHTS:
- 1
- 1
- 3
- 3
