MODEL:
  V1: 1
  V2: 1
  Vc1: 0.00525
  Vc2: 0.00656
  c0_1: 25
  c0_2: 25
  c0_3: 25
  c0_4: 25
  k: 50.69974685712229
  kd: 0.09698831907636245
  koff: 32.480866608270375
  kon: 334.894623575206
  m: 12.273065909341195
  mu: 1.0270548195917106
WEIGHTS:
- 1
- 1
- 3
- 3
