MODEL:
  V1: 1
  V2: 1
  Vc1: 0.00525
  Vc2: 0.00656
  c0_1: 25
  c0_2: 25
  c0_3: 25
  c0_4: 25
  k: 46.241990885365084
  kd: 0.10899570024045925
  koff: 36.5452199785999
  kon: 335.29047382581336
  m: 12.493605598395488
  mu: 1.0251976977669666
WEIGHTS:
- 1
- 1
- 3
- 3
