MODEL:
  V1: 1
  V2: 1
  Vc1: 0.00525
  Vc2: 0.00656
  c0_1: 25
  c0_2: 25
  c0_3: 25
  c0_4: 25
  k: 52.40228747573934
  kd: 0.06643371078756558
  koff: 27.417951851960183
  kon: 412.7114310930831
  m: 11.947155429951753
  mu: 1.341719380966718
WEIGHTS:
- 1
- 1
- 3
- 3
