MODEL:
  V1: 1
  V2: 1
  Vc1: 0.00525
  Vc2: 0.00656
  c0_1: 25
  c0_2: 25
  c0_3: 25
  c0_4: 25
  k: 45.28354763519965
  kd: 0.11448114956218765
  koff: 37.79047323819728
  kon: 330.10214679639466
  m: 12.341781827140311
  mu: 1.0244703852625867
WEIGHTS:
- 1
- 1
- 3
- 3
