MODEL:
  V1: 1
  V2: 1
  Vc1: 0.00525
  Vc2: 0.00656
  c0_1: 25
  c0_2: 25
  c0_3: 25
  c0_4: 25
  k: 52.248562012174226
  kd: 0.08263314151158575
  koff: 25.584754285973162
  kon: 309.6185600348499
  m: 12.505110450207175
  mu: 1.3493570190331297
WEIGHTS:
- 1
- 1
- 3
- 3
