MODEL:
  V1: 1
  V2: 1
  Vc1: 0.00525
  Vc2: 0.00656
  c0_1: 25
  c0_2: 25
  c0_3: 25
  c0_4: 25
  k: 52.042939421153996
  kd: 0.07189351946008302
  koff: 25.695534769833856
  kon: 357.41100119741145
  m: 12.203571181850876
  mu: 1.3703429143509345
WEIGHTS:
- 1
- 1
- 3
- 3
