MODEL:
  V1: 1
  V2: 1
  Vc1: 0.00525
  Vc2: 0.00656
  c0_1: 25
  c0_2: 25
  c0_3: 25
  c0_4: 25
  k: 50.821717999165976
  kd: 0.09828162519113356
  koff: 29.124047113042543
  kon: 296.33257545755316
  m: 12.665125600646746
  mu: 1.354387428947832
WEIGHTS:
- 1
- 1
- 3
- 3
