MODEL:
  V1: 1
  V2: 1
  Vc1: 0.00525
  Vc2: 0.00656
  c0_1: 25
  c0_2: 25
  c0_3: 25
  c0_4: 25
  k: 47.18804790951825
  kd: 0.13828165155474156
  koff: 33.374188342826116
  kon: 241.349361738092
  m: 12.621071493859414
  mu: 1.0169038905067709
WEIGHTS:
- 1
- 1
- 3
- 3
