MODEL:
  V1: 1
  V2: 1
  Vc1: 0.00525
  Vc2: 0.00656
  c0_1: 25
  c0_2: 25
  c0_3: 25
  c0_4: 25
  k: 45.59585629361024
  kd: 0.12062964551786638
  koff: 37.19794174415668
  kon: 308.36484335558555
  m: 12.594852820595772
  mu: 1.04297223684374
WEIGHTS:
- 1
- 1
- 3
- 3
