MODEL:
  V1: 1
  V2: 1
  Vc1: 0.00525
  Vc2: 0.00656
  c0_1: 25
  c0_2: 25
  c0_3: 25
  c0_4: 25
  k: 45.7767041314829
  kd: 0.12137041163262159
  koff: 36.72535689001129
  kon: 302.58904452904034
  m: 12.764457028826836
  mu: 1.0329474059260195
WEIGHTS:
- 1
- 1
- 3
- 3
