MODEL:
  V1: 1
  V2: 1
  Vc1: 0.00525
  Vc2: 0.00656
  c0_1: 25
  c0_2: 25
  c0_3: 25
  c0_4: 25
  k: 46.422059750622736
  kd: 0.1259125015335707
  koff: 40.278597086045345
  kon: 319.893549849824
  m: 12.563857586452665
  mu: 1.0246603204910874
WEIGHTS:
- 1
- 1
- 3
- 3
