MODEL:
  V1: 1
  V2: 1
  Vc1: 0.00525
  Vc2: 0.00656
  c0_1: 25
  c0_2: 25
  c0_3: 25
  c0_4: 25
  k: 46.01825771871532
  kd: 0.12121481965135188
  koff: 36.79684630840433
  kon: 303.56722399325815
  m: 12.623844113706689
  mu: 1.029088507748399
WEIGHTS:
- 1
- 1
- 3
- 3
