MODEL:
  V1: 1
  V2: 1
  Vc1: 0.00525
  Vc2: 0.00656
  c0_1: 25
  c0_2: 25
  c0_3: 25
  c0_4: 25
  k: 52.678541187637066
  kd: 0.1060267456232071
  koff: 30.06166614223718
  kon: 283.52908471857586
  m: 13.052617785565072
  mu: 1.3818979339377324
WEIGHTS:
- 1
- 1
- 3
- 3
