MODEL:
  V1: 1
  V2: 1
  Vc1: 0.00525
  Vc2: 0.00656
  c0_1: 25
  c0_2: 25
  c0_3: 25
  c0_4: 25
  k: 51.10717066878996
  kd: 0.07022276173552294
  koff: 25.087573327168073
  kon: 357.2570019626165
  m: 12.156229012173103
  mu: 1.351123101615587
WEIGHTS:
- 1
- 1
- 3
- 3
