MODEL:
  V1: 1
  V2: 1
  Vc1: 0.00525
  Vc2: 0.00656
  c0_1: 25
  c0_2: 25
  c0_3: 25
  c0_4: 25
  k: 53.6820014833871
  kd: 0.09926178092387787
  koff: 28.77767366235606
  kon: 289.9169589192154
  m: 12.84402863691451
  mu: 1.367357793099411
WEIGHTS:
- 1
- 1
- 3
- 3
