MODEL:
  V1: 1
  V2: 1
  Vc1: 0.00525
  Vc2: 0.00656
  c0_1: 25
  c0_2: 25
  c0_3: 25
  c0_4: 25
  k: 45.87436352826961
  kd: 0.11052110313463802
  koff: 34.65309536652943
  kon: 313.5427930384901
  m: 12.155894172562327
  mu: 1.018084945846165
WEIGHTS:
- 1
- 1
- 3
- 3
