MODEL:
  V1: 1
  V2: 1
  Vc1: 0.00525
  Vc2: 0.00656
  c0_1: 25
  c0_2: 25
  c0_3: 25
  c0_4: 25
  k: 52.609903501123725
  kd: 0.0902223221627926
  koff: 27.97660767919843
  kon: 310.0852096083146
  m: 12.593099363842924
  mu: 1.3713762060940256
WEIGHTS:
- 1
- 1
- 3
- 3
