MODEL:
  V1: 1
  V2: 1
  Vc1: 0.00525
  Vc2: 0.00656
  c0_1: 25
  c0_2: 25
  c0_3: 25
  c0_4: 25
  k: 50.0229306003881
  kd: 0.11544193005926438
  koff: 35.360752171263115
  kon: 306.30770079043185
  m: 12.143008976551926
  mu: 1.0099593098224715
WEIGHTS:
- 1
- 1
- 3
- 3
