MODEL:
  V1: 1
  V2: 1
  Vc1: 0.00525
  Vc2: 0.00656
  c0_1: 25
  c0_2: 25
  c0_3: 25
  c0_4: 25
  k: 46.02737060821418
  kd: 0.10567343649959965
  koff: 35.136403800288136
  kon: 332.499869069946
  m: 12.212555946778657
  mu: 1.0433080080154722
WEIGHTS:
- 1
- 1
- 3
- 3
