MODEL:
  V1: 1
  V2: 1
  Vc1: 0.00525
  Vc2: 0.00656
  c0_1: 25
  c0_2: 25
  c0_3: 25
  c0_4: 25
  k: 53.08695515848199
  kd: 0.10478360167442154
  koff: 29.789032662174307
  kon: 284.2909786087839
  m: 13.037546998446741
  mu: 1.3651149060440977
WEIGHTS:
- 1
- 1
- 3
- 3
