MODEL:
  V1: 1
  V2: 1
  Vc1: 0.00525
  Vc2: 0.00656
  c0_1: 25
  c0_2: 25
  c0_3: 25
  c0_4: 25
  k: 47.26345685166834
  kd: 0.14923790101310608
  koff: 35.10819951870698
  kon: 235.24988813413944
  m: 12.728130938032383
  mu: 1.0203848116675833
WEIGHTS:
- 1
- 1
- 3
- 3
