MODEL:
  V1: 1
  V2: 1
  Vc1: 0.00525
  Vc2: 0.00656
  c0_1: 25
  c0_2: 25
  c0_3: 25
  c0_4: 25
  k: 46.524052267753085
  kd: 0.14369579240431443
  koff: 38.69504790671708
  kon: 269.2844881486959
  m: 12.795789564255134
  mu: 1.0342860208194131
WEIGHTS:
- 1
- 1
- 3
- 3
