MODEL:
  V1: 1
  V2: 1
  Vc1: 0.00525
  Vc2: 0.00656
  c0_1: 25
  c0_2: 25
  c0_3: 25
  c0_4: 25
  k: 46.62353973322089
  kd: 0.11935195986269279
  koff: 38.11309031595684
  kon: 319.3335941848265
  m: 12.223387055335259
  mu: 1.0158598404933523
WEIGHTS:
- 1
- 1
- 3
- 3
