MODEL:
  V1: 1
  V2: 1
  Vc1: 0.00525
  Vc2: 0.00656
  c0_1: 25
  c0_2: 25
  c0_3: 25
  c0_4: 25
  k: 50.74822203241136
  kd: 0.09868979417119206
  koff: 29.023907073688743
  kon: 294.0922849969925
  m: 12.43151061525614
  mu: 1.3453141662759982
WEIGHTS:
- 1
- 1
- 3
- 3
