MODEL:
  V1: 1
  V2: 1
  Vc1: 0.00525
  Vc2: 0.00656
  c0_1: 25
  c0_2: 25
  c0_3: 25
  c0_4: 25
  k: 46.23276728024753
  kd: 0.13620733760525788
  koff: 40.60872534763608
  kon: 298.13904347300377
  m: 12.941172497132648
  mu: 1.015856641344218
WEIGHTS:
- 1
- 1
- 3
- 3
