MODEL:
  V1: 1
  V2: 1
  Vc1: 0.00525
  Vc2: 0.00656
  c0_1: 25
  c0_2: 25
  c0_3: 25
  c0_4: 25
  k: 52.21010579628711
  kd: 0.0722183285010429
  koff: 25.321210962315142
  kon: 350.62028556849634
  m: 12.13075627448341
  mu: 1.371880923731656
WEIGHTS:
- 1
- 1
- 3
- 3
