MODEL:
  V1: 1
  V2: 1
  Vc1: 0.00525
  Vc2: 0.00656
  c0_1: 25
  c0_2: 25
  c0_3: 25
  c0_4: 25
  k: 45.17884722426962
  kd: 0.12018744110280558
  koff: 39.191336200516886
  kon: 326.0851203828653
  m: 12.275461139625598
  mu: 1.0116703212635423
WEIGHTS:
- 1
- 1
- 3
- 3
