MODEL:
  V1: 1
  V2: 1
  Vc1: 0.00525
  Vc2: 0.00656
  c0_1: 25
  c0_2: 25
  c0_3: 25
  c0_4: 25
  k: 46.57943613288513
  kd: 0.1361761927905982
  koff: 36.731743186616846
  kon: 269.73689331365165
  m: 13.076859019437968
  mu: 1.0315815556059424
WEIGHTS:
- 1
- 1
- 3
- 3
