MODEL:
  V1: 1
  V2: 1
  Vc1: 0.00525
  Vc2: 0.00656
  c0_1: 25
  c0_2: 25
  c0_3: 25
  c0_4: 25
  k: 46.26656248845002
  kd: 0.12841891127421046
  koff: 37.569573618673495
  kon: 292.554836712888
  m: 12.607950754369508
  mu: 1.0367504517498778
WEIGHTS:
- 1
- 1
- 3
- 3
