MODEL:
  V1: 1
  V2: 1
  Vc1: 0.00525
  Vc2: 0.00656
  c0_1: 25
  c0_2: 25
  c0_3: 25
  c0_4: 25
  k: 45.64255465489368
  kd: 0.12853739731396008
  koff: 38.597184376074914
  kon: 300.2798032528933
  m: 12.607279544519532
  mu: 1.0290820782428363
WEIGHTS:
- 1
- 1
- 3
- 3
