MODEL:
  V1: 1
  V2: 1
  Vc1: 0.00525
  Vc2: 0.00656
  c0_1: 25
  c0_2: 25
  c0_3: 25
  c0_4: 25
  k: 46.316025535619175
  kd: 0.11588461761096408
  koff: 34.44030957990838
  kon: 297.194833015093
  m: 12.384912650365187
  mu: 1.0338558022738848
WEIGHTS:
- 1
- 1
- 3
- 3
