MODEL:
  V1: 1
  V2: 1
  Vc1: 0.00525
  Vc2: 0.00656
  c0_1: 25
  c0_2: 25
  c0_3: 25
  c0_4: 25
  k: 52.722388416
  kd: 0.1089133681014374
  koff: 30.7600688256
  kon: 282.42693584639994
  m: 13.082947388159994
  mu: 1.3822836767999997
WEIGHTS:
- 1
- 1
- 3
- 3
