MODEL:
  V1: 1
  V2: 1
  Vc1: 0.00525
  Vc2: 0.00656
  c0_1: 25
  c0_2: 25
  c0_3: 25
  c0_4: 25
  k: 52.10670676152866
  kd: 0.06657273257803624
  koff: 23.800572883154516
  kon: 357.512332173771
  m: 12.038803534335845
  mu: 1.3589171586301054
WEIGHTS:
- 1
- 1
- 3
- 3
