MODEL:
  V1: 1
  V2: 1
  Vc1: 0.00525
  Vc2: 0.00656
  c0_1: 25
  c0_2: 25
  c0_3: 25
  c0_4: 25
  k: 46.582665147789456
  kd: 0.13952899864486523
  koff: 39.72437919968398
  kon: 284.7033920224143
  m: 13.186182752790097
  mu: 1.0276986189856805
WEIGHTS:
- 1
- 1
- 3
- 3
