MODEL:
  V1: 1
  V2: 1
  Vc1: 0.00525
  Vc2: 0.00656
  c0_1: 25
  c0_2: 25
  c0_3: 25
  c0_4: 25
  k: 53.30439600000001
  kd: 0.1024287487919622
  koff: 29.43369359999999
  kon: 287.3577384
  m: 13.020746960000007
  mu: 1.409905799999998
WEIGHTS:
- 1
- 1
- 3
- 3
