MODEL:
  V1: 1
  V2: 1
  Vc1: 0.00525
  Vc2: 0.00656
  c0_1: 25
  c0_2: 25
  c0_3: 25
  c0_4: 25
  k: 51.98599363384676
  kd: 0.07048991410655518
  koff: 24.490352554585552
  kon: 347.43059152498074
  m: 12.154014292238758
  mu: 1.3758471472748899
WEIGHTS:
- 1
- 1
- 3
- 3
