MODEL:
  V1: 1
  V2: 1
  Vc1: 0.00525
  Vc2: 0.00656
  c0_1: 25
  c0_2: 25
  c0_3: 25
  c0_4: 25
  k: 46.309914774267114
  kd: 0.13523529747920257
  koff: 37.99084334512807
  kon: 280.92401949254827
  m: 12.811639963641131
  mu: 1.0339754913519559
WEIGHTS:
- 1
- 1
- 3
- 3
