MODEL:
  V1: 1
  V2: 1
  Vc1: 0.00525
  Vc2: 0.00656
  c0_1: 25
  c0_2: 25
  c0_3: 25
  c0_4: 25
  k: 46.37160066448241
  kd: 0.10917768542664759
  koff: 33.433689671380584
  kon: 306.23189657050784
  m: 12.201172374682047
  mu: 1.02472743202875
WEIGHTS:
- 1
- 1
- 3
- 3
