MODEL:
  V1: 1
  V2: 1
  Vc1: 0.00525
  Vc2: 0.00656
  c0_1: 25
  c0_2: 25
  c0_3: 25
  c0_4: 25
  k: 51.707224295447304
  kd: 0.07924993558483898
  koff: 25.92737653949724
  kon: 327.159591337981
  m: 12.556362437669058
  mu: 1.3745473229807708
WEIGHTS:
- 1
- 1
- 3
- 3
