MODEL:
  V1: 1
  V2: 1
  Vc1: 0.00525
  Vc2: 0.00656
  c0_1: 25
  c0_2: 25
  c0_3: 25
  c0_4: 25
  k: 53.32058872859174
  kd: 0.08790931812776753
  koff: 27.370537852330802
  kon: 311.34967754556374
  m: 12.596111330790343
  mu: 1.3919096326478817
WEIGHTS:
- 1
- 1
- 3
- 3
