MODEL:
  V1: 1
  V2: 1
  Vc1: 0.00525
  Vc2: 0.00656
  c0_1: 25
  c0_2: 25
  c0_3: 25
  c0_4: 25
  k: 45.674962259821456
  kd: 0.1295532483261485
  koff: 39.9750411571833
  kon: 308.56070128436056
  m: 12.680859358745629
  mu: 1.033479435228918
WEIGHTS:
- 1
- 1
- 3
- 3
