MODEL:
  V1: 1
  V2: 1
  Vc1: 0.00525
  Vc2: 0.00656
  c0_1: 25
  c0_2: 25
  c0_3: 25
  c0_4: 25
  k: 48.8905520173239
  kd: 0.1221976295053715
  koff: 36.98751443265185
  kon: 302.68602248970774
  m: 11.98572735807586
  mu: 0.9868456702868502
WEIGHTS:
- 1
- 1
- 3
- 3
