MODEL:
  V1: 1
  V2: 1
  Vc1: 0.00525
  Vc2: 0.00656
  c0_1: 25
  c0_2: 25
  c0_3: 25
  c0_4: 25
  k: 51.46200904372617
  kd: 0.10596126526303996
  koff: 30.648319819968854
  kon: 289.24078760183704
  m: 12.339182388322582
  mu: 1.2934571461810895
WEIGHTS:
- 1
- 1
- 3
- 3
