MODEL:
  V1: 1
  V2: 1
  Vc1: 0.00525
  Vc2: 0.00656
  c0_1: 25
  c0_2: 25
  c0_3: 25
  c0_4: 25
  k: 52.06239518920383
  kd: 0.10726978341647035
  koff: 31.637180713028346
  kon: 294.9309647638454
  m: 12.504985469103
  mu: 1.3514135393692404
WEIGHTS:
- 1
- 1
- 3
- 3
