MODEL:
  V1: 1
  V2: 1
  Vc1: 0.00525
  Vc2: 0.00656
  c0_1: 25
  c0_2: 25
  c0_3: 25
  c0_4: 25
  k: 45.85322390467788
  kd: 0.1242190659944413
  koff: 37.17196631784272
  kon: 299.24525691978823
  m: 12.604141028061878
  mu: 1.034764202279257
WEIGHTS:
- 1
- 1
- 3
- 3
