MODEL:
  V1: 1
  V2: 1
  Vc1: 0.00525
  Vc2: 0.00656
  c0_1: 25
  c0_2: 25
  c0_3: 25
  c0_4: 25
  k: 46.30861956342689
  kd: 0.11749407485519135
  koff: 36.62326148395576
  kon: 311.7030499545875
  m: 12.52370101638795
  mu: 1.0356765112573383
WEIGHTS:
- 1
- 1
- 3
- 3
