MODEL:
  V1: 1
  V2: 1
  Vc1: 0.00525
  Vc2: 0.00656
  c0_1: 25
  c0_2: 25
  c0_3: 25
  c0_4: 25
  k: 51.23200074160195
  kd: 0.10442773373687854
  koff: 30.241254759946116
  kon: 289.5902618756769
  m: 12.851850301473055
  mu: 1.4074203126079978
WEIGHTS:
- 1
- 1
- 3
- 3
