MODEL:
  V1: 1
  V2: 1
  Vc1: 0.00525
  Vc2: 0.00656
  c0_1: 25
  c0_2: 25
  c0_3: 25
  c0_4: 25
  k: 52.813906626160374
  kd: 0.09493968644476845
  koff: 28.037245589221328
  kon: 295.31639127049476
  m: 12.956993356191898
  mu: 1.4010400434457928
WEIGHTS:
- 1
- 1
- 3
- 3
