MODEL:
  V1: 1
  V2: 1
  Vc1: 0.00525
  Vc2: 0.00656
  c0_1: 25
  c0_2: 25
  c0_3: 25
  c0_4: 25
  k: 45.615866989990906
  kd: 0.13155521041747012
  koff: 37.42915237030056
  kon: 284.51288437398205
  m: 12.747072707086064
  mu: 1.0172300331640298
WEIGHTS:
- 1
- 1
- 3
- 3
