MODEL:
  V1: 1
  V2: 1
  Vc1: 0.00525
  Vc2: 0.00656
  c0_1: 25
  c0_2: 25
  c0_3: 25
  c0_4: 25
  k: 51.745658673760005
  kd: 0.10723026762353377
  koff: 29.978406227616
  kon: 279.570375902304
  m: 13.281663791177603
  mu: 1.439291899848
WEIGHTS:
- 1
- 1
- 3
- 3
