MODEL:
  V1: 1
  V2: 1
  Vc1: 0.00525
  Vc2: 0.00656
  c0_1: 25
  c0_2: 25
  c0_3: 25
  c0_4: 25
  k: 53.0906867408658
  kd: 0.08431293389775799
  koff: 26.106558222634874
  kon: 309.6388301976654
  m: 12.614753688434842
  mu: 1.3767312039250745
WEIGHTS:
- 1
- 1
- 3
- 3
