MODEL:
  V1: 1
  V2: 1
  Vc1: 0.00525
  Vc2: 0.00656
  c0_1: 25
  c0_2: 25
  c0_3: 25
  c0_4: 25
  k: 46.381154572691855
  kd: 0.14151752169076867
  koff: 37.31333452656558
  kon: 263.6658279537944
  m: 13.146423368467506
  mu: 1.0354926785253613
WEIGHTS:
- 1
- 1
- 3
- 3
