MODEL:
  V1: 1
  V2: 1
  Vc1: 0.00525
  Vc2: 0.00656
  c0_1: 25
  c0_2: 25
  c0_3: 25
  c0_4: 25
  k: 46.6738443131061
  kd: 0.12237006991625586
  koff: 37.12150063760449
  kon: 303.354412259539
  m: 12.469018361454648
  mu: 1.0300611211333826
WEIGHTS:
- 1
- 1
- 3
- 3
