MODEL:
  V1: 1
  V2: 1
  Vc1: 0.00525
  Vc2: 0.00656
  c0_1: 25
  c0_2: 25
  c0_3: 25
  c0_4: 25
  k: 46.17714498588407
  kd: 0.12078188411323083
  koff: 37.76666562148424
  kon: 312.6848525237334
  m: 12.498772957804555
  mu: 1.0331555767271179
WEIGHTS:
- 1
- 1
- 3
- 3
