MODEL:
  V1: 1
  V2: 1
  Vc1: 0.00525
  Vc2: 0.00656
  c0_1: 25
  c0_2: 25
  c0_3: 25
  c0_4: 25
  k: 52.79248703871805
  kd: 0.08744624420588269
  koff: 27.509741144820275
  kon: 314.590310820572
  m: 12.605170657885132
  mu: 1.3456486616344505
WEIGHTS:
- 1
- 1
- 3
- 3
