MODEL:
  V1: 1
  V2: 1
  Vc1: 0.00525
  Vc2: 0.00656
  c0_1: 25
  c0_2: 25
  c0_3: 25
  c0_4: 25
  k: 46.24899081956944
  kd: 0.12110751318081804
  koff: 38.112776842404756
  kon: 314.7020018939779
  m: 12.551708317747194
  mu: 1.022446828462035
WEIGHTS:
- 1
- 1
- 3
- 3
