MODEL:
  V1: 1
  V2: 1
  Vc1: 0.00525
  Vc2: 0.00656
  c0_1: 25
  c0_2: 25
  c0_3: 25
  c0_4: 25
  k: 46.031868687648654
  kd: 0.11739063051989743
  koff: 38.98759007179987
  kon: 332.118414383945
  m: 12.452884461466057
  mu: 1.0229522704491716
WEIGHTS:
- 1
- 1
- 3
- 3
