MODEL:
  V1: 1
  V2: 1
  Vc1: 0.00525
  Vc2: 0.00656
  c0_1: 25
  c0_2: 25
  c0_3: 25
  c0_4: 25
  k: 51.0
  kd: 0.11111111111111112
  koff: 30.6
  kon: 275.4
  m: 13.260000000000002
  mu: 1.4249999999999998
WEIGHTS:
- 1
- 1
- 3
- 3
