MODEL:
  V1: 1
  V2: 1
  Vc1: 0.00525
  Vc2: 0.00656
  c0_1: 25
  c0_2: 25
  c0_3: 25
  c0_4: 25
  k: 52.932238246400004
  kd: 0.11033001856136997
  koff: 30.67477933824
  kon: 278.0275009305601
  m: 12.950742648064008
  mu: 1.36871489472
WEIGHTS:
- 1
- 1
- 3
- 3
