MODEL:
  V1: 1
  V2: 1
  Vc1: 0.00525
  Vc2: 0.00656
  c0_1: 25
  c0_2: 25
  c0_3: 25
  c0_4: 25
  k: 45.54382200211641
  kd: 0.11214062417408331
  koff: 36.003511260770736
  kon: 321.05681171240946
  m: 12.333068371673857
  mu: 1.0247828698485484
WEIGHTS:
- 1
- 1
- 3
- 3
