MODEL:
  V1: 1
  V2: 1
  Vc1: 0.00525
  Vc2: 0.00656
  c0_1: 25
  c0_2: 25
  c0_3: 25
  c0_4: 25
  k: 51.84048066122034
  kd: 0.09027810707795655
  koff: 27.91128462911709
  kon: 309.1700250761268
  m: 12.546271493924104
  mu: 1.3667365756925443
WEIGHTS:
- 1
- 1
- 3
- 3
