MODEL:
  V1: 1
  V2: 1
  Vc1: 0.00525
  Vc2: 0.00656
  c0_1: 25
  c0_2: 25
  c0_3: 25
  c0_4: 25
  k: 52.63805614029786
  kd: 0.0710229053025679
  koff: 23.8865809037759
  kon: 336.3222160796661
  m: 12.085704397650986
  mu: 1.3520518294496866
WEIGHTS:
- 1
- 1
- 3
- 3
