MODEL:
  V1: 1
  V2: 1
  Vc1: 0.00525
  Vc2: 0.00656
  c0_1: 25
  c0_2: 25
  c0_3: 25
  c0_4: 25
  k: 51.72807197543056
  kd: 0.08026303988978753
  koff: 24.973867065362505
  kon: 311.15027663610977
  m: 12.61715811144009
  mu: 1.4015268238762406
WEIGHTS:
- 1
- 1
- 3
- 3
