MODEL:
  V1: 1
  V2: 1
  Vc1: 0.00525
  Vc2: 0.00656
  c0_1: 25
  c0_2: 25
  c0_3: 25
  c0_4: 25
  k: 47.04291777760234
  kd: 0.12049381767239908
  koff: 36.263467467685516
  kon: 300.95707952651424
  m: 12.697665485864132
  mu: 1.023315701149377
WEIGHTS:
- 1
- 1
- 3
- 3
