MODEL:
  V1: 1
  V2: 1
  Vc1: 0.00525
  Vc2: 0.00656
  c0_1: 25
  c0_2: 25
  c0_3: 25
  c0_4: 25
  k: 52.93961066198361
  kd: 0.10777943356222633
  koff: 29.704103592635636
  kon: 275.60085083844876
  m: 13.604375550189024
  mu: 1.4191769040121298
WEIGHTS:
- 1
- 1
- 3
- 3
