MODEL:
  V1: 1
  V2: 1
  Vc1: 0.00525
  Vc2: 0.00656
  c0_1: 25
  c0_2: 25
  c0_3: 25
  c0_4: 25
  k: 51.453022000179686
  kd: 0.10423315499027712
  koff: 30.243871710075183
  kon: 290.1559653729788
  m: 12.449209055759244
  mu: 1.3327636310311548
WEIGHTS:
- 1
- 1
- 3
- 3
