MODEL:
  V1: 1
  V2: 1
  Vc1: 0.00525
  Vc2: 0.00656
  c0_1: 25
  c0_2: 25
  c0_3: 25
  c0_4: 25
  k: 50.37237475071555
  kd: 0.10761260588255361
  koff: 30.935877319542122
  kon: 287.4744744431239
  m: 12.806394307948253
  mu: 1.3878701015281845
WEIGHTS:
- 1
- 1
- 3
- 3
