MODEL:
  V1: 1
  V2: 1
  Vc1: 0.00525
  Vc2: 0.00656
  c0_1: 25
  c0_2: 25
  c0_3: 25
  c0_4: 25
  k: 53.1087088776004
  kd: 0.08052442134990657
  koff: 27.254418439573083
  kon: 338.46152487259945
  m: 12.50411633960617
  mu: 1.362655727037092
WEIGHTS:
- 1
- 1
- 3
- 3
