MODEL:
  V1: 1
  V2: 1
  Vc1: 0.00525
  Vc2: 0.00656
  c0_1: 25
  c0_2: 25
  c0_3: 25
  c0_4: 25
  k: 48.274291539976154
  kd: 0.11815616286300999
  koff: 36.35635535786389
  kon: 307.6974952209253
  m: 12.166960366994957
  mu: 1.0015407714375726
WEIGHTS:
- 1
- 1
- 3
- 3
