MODEL:
  V1: 1
  V2: 1
  Vc1: 0.00525
  Vc2: 0.00656
  c0_1: 25
  c0_2: 25
  c0_3: 25
  c0_4: 25
  k: 47.009034708938024
  kd: 0.13018970568049232
  koff: 37.3281344285914
  kon: 286.721090838019
  m: 12.51393021261601
  mu: 1.003358830384605
WEIGHTS:
- 1
- 1
- 3
- 3
