MODEL:
  V1: 1
  V2: 1
  Vc1: 0.00525
  Vc2: 0.00656
  c0_1: 25
  c0_2: 25
  c0_3: 25
  c0_4: 25
  k: 45.8183601572431
  kd: 0.12829583028708041
  koff: 37.225118889802985
  kon: 290.1506526479186
  m: 12.550562648584883
  mu: 1.0261925394897122
WEIGHTS:
- 1
- 1
- 3
- 3
