MODEL:
  V1: 1
  V2: 1
  Vc1: 0.00525
  Vc2: 0.00656
  c0_1: 25
  c0_2: 25
  c0_3: 25
  c0_4: 25
  k: 52.258378472471385
  kd: 0.10466413652066073
  koff: 29.61441718694634
  kon: 282.9471313805799
  m: 13.173233668249663
  mu: 1.3864373161050987
WEIGHTS:
- 1
- 1
- 3
- 3
