MODEL:
  V1: 1
  V2: 1
  Vc1: 0.00525
  Vc2: 0.00656
  c0_1: 25
  c0_2: 25
  c0_3: 25
  c0_4: 25
  k: 52.93219755962639
  kd: 0.08035685861502731
  koff: 26.718966337549862
  kon: 332.50386834501296
  m: 12.510146924404257
  mu: 1.3814301193781753
WEIGHTS:
- 1
- 1
- 3
- 3
