MODEL:
  V1: 1
  V2: 1
  Vc1: 0.00525
  Vc2: 0.00656
  c0_1: 25
  c0_2: 25
  c0_3: 25
  c0_4: 25
  k: 53.01183195657438
  kd: 0.08199622851437668
  koff: 25.3668380159817
  kon: 309.3659120130634
  m: 12.505495133583558
  mu: 1.3766620377200995
WEIGHTS:
- 1
- 1
- 3
- 3
