MODEL:
  V1: 1
  V2: 1
  Vc1: 0.00525
  Vc2: 0.00656
  c0_1: 25
  c0_2: 25
  c0_3: 25
  c0_4: 25
  k: 52.4078846548794
  kd: 0.1060225017056185
  koff: 29.86616582411959
  kon: 281.6964827621765
  m: 13.038256268984803
  mu: 1.4067147447462987
WEIGHTS:
- 1
- 1
- 3
- 3
