MODEL:
  V1: 1
  V2: 1
  Vc1: 0.00525
  Vc2: 0.00656
  c0_1: 25
  c0_2: 25
  c0_3: 25
  c0_4: 25
  k: 47.2659844379845
  kd: 0.0911316919197409
  koff: 30.681988205304847
  kon: 336.6774780427239
  m: 12.301825551589157
  mu: 1.0399844545897894
WEIGHTS:
- 1
- 1
- 3
- 3
