MODEL:
  V1: 1
  V2: 1
  Vc1: 0.00525
  Vc2: 0.00656
  c0_1: 25
  c0_2: 25
  c0_3: 25
  c0_4: 25
  k: 51.96927819421698
  kd: 0.11375856907890997
  koff: 31.891128885528566
  kon: 280.3404538554534
  m: 12.455844905793537
  mu: 1.350096018683596
WEIGHTS:
- 1
- 1
- 3
- 3
