MODEL:
  V1: 1
  V2: 1
  Vc1: 0.00525
  Vc2: 0.00656
  c0_1: 25
  c0_2: 25
  c0_3: 25
  c0_4: 25
  k: 51.86160217343925
  kd: 0.07173393024159433
  koff: 25.989604470136857
  kon: 362.3055976802871
  m: 12.161993288568345
  mu: 1.3417469778729565
WEIGHTS:
- 1
- 1
- 3
- 3
