MODEL:
  c0_1: 4.13440263397072
  c0_2: 4.13440263397072
  k1: 1
  k2: 1
  kd: 0.02170601871758991
  koff: 1.086227256771835
  kon: 50.04267576216493
  m: 0.9364056993796348
  mu: 0.35774714324722995
  xc: false
WEIGHTS:
- 1
- 1
