MODEL:
  c0_1: 4.3013966637546
  c0_2: 4.13440263397072
  k1: 1
  k2: 1
  kd: 0.02178773218129537
  koff: 1.0903598669922825
  kon: 50.044669996831956
  m: 0.9261572503341372
  mu: 0.35764724024142913
  xc: false
WEIGHTS:
- 1
- 1
