MODEL:
  c0_1: 3.855242391737116
  c0_2: 3.8822183234879324
  c0_3: 3.189767871043225
  c0_4: 3.4107085878899888
  k1_1: 0.001265189833507408
  k1_2: 0.01544634549707011
  k2_1: 1.098490180076606
  k2_2: 0.06467716836997332
  kd_1: 0.0720612407770367
  kd_2: 0.22771727745382347
  koff_1: 0.11109004031152181
  koff_2: 0.7945232513343692
  kon_1: 1.5416059883737414
  kon_2: 3.489077597528728
  m: 5.6592872029659205
  mu_1: 6.504706201136791
  mu_2: 10.246655694155546
WEIGHTS:
- 1
- 1
- 1
- 1
