MODEL:
  c0_1: 3.855242391737116
  c0_2: 3.8822183234879324
  c0_3: 3.189767871043225
  c0_4: 3.4107085878899888
  kd_1: 0.04597690202488706
  kd_2: 0.27548139267845057
  koff_1: 0.10896033663506799
  koff_2: 0.6724446690965491
  kon_1: 2.369892964430016
  kon_2: 2.4409803600835027
  m: 4.122133897407124
  mu_1: 5.366723036051916
  mu_2: 4.778307004475842
  offset_1: 0.00536573814357931
  offset_2: 0.0012962863524667032
WEIGHTS:
- 1
- 1
- 1
- 1
